296	124	16
-0.9049956798553467	0.9637093544006348	-0.22724992036819458	0.13174620270729065	0.4593561589717865	0.8663923762572605	1	0.07497333920165389	2	0.05863428454108561	5	0.0	0.0	-1.0	5.974586656520842e-06	-1.0	0.0	-1.0	-5.974586656520842e-06	0.0
0.9000983834266663	2.119931697845459	-0.22724992036819458	1.773544688887796e-08	0.25364404916763306	0.7798443448291547	5	0.20372018694012253	6	0.016435468230722814	1	0.0	0.0	-1.0	6.045734608051134e-06	-1.0	0.0	-1.0	-6.045734608051134e-06	0.0
0.9000983834266663	0.9637093544006348	-0.22724992036819458	0.13174621760845184	0.2536448538303375	0.888135278838204	6	0.062095001718494594	7	0.049769719443301455	5	0.0	0.0	-1.0	6.139693141449243e-06	-1.0	0.0	-1.0	-6.139693141449243e-06	0.0
-0.9049956798553467	0.9637093544006348	0.22724992036819458	0.5875276923179626	0.4593561887741089	0.8815532973118393	1	0.06756167139253415	2	0.05088503129562657	5	0.0	0.0	1.0	-5.8840232668444514e-06	1.0	0.0	-1.0	-5.8840232668444514e-06	0.0
-0.9049956798553467	-1.0362906455993652	0.22724992036819458	0.35963693261146545	0.45935752987861633	0.9398924403293685	10	0.057737855723022306	2	0.002369703947609179	1	0.0	0.0	1.0	-5.88402235734975e-06	1.0	0.0	-1.0	-5.88402235734975e-06	0.0
-0.0024486053735017776	-1.0362906455993652	0.22724992036819458	0.35963693261146545	0.35650187730789185	0.9019955197795693	10	0.0836970010707922	13	0.014307479149638504	6	0.0	0.0	1.0	-5.88402235734975e-06	1.0	0.0	-1.0	-5.88402235734975e-06	0.0
-0.9049956798553467	-1.0362906455993652	0.22724992036819458	0.1553865224123001	0.709626317024231	0.9398924403293685	10	0.057737855723022306	2	0.002369703947609179	1	-0.41331005096435547	-0.9105904698371887	0.0	0.0	0.0	1.0	-0.9105904698371887	0.41331005096435547	0.0
-1.7893545627593994	-0.6348869204521179	-0.13603094220161438	0.11398646980524063	0.810316801071167	0.7769301610753049	2	0.13754066591731318	10	0.08552917300738196	3	-0.41331005096435547	-0.9105904698371887	0.0	0.0	0.0	1.0	-0.9105904698371887	0.41331005096435547	0.0
-0.9049956798553467	-1.0362906455993652	-0.22724992036819458	0.10359100997447968	0.709626317024231	0.924766980767286	10	0.07523301923271399	2	0.0	0	-0.41331005096435547	-0.9105904698371887	0.0	0.0	0.0	1.0	-0.9105904698371887	0.41331005096435547	0.0
0.9000983834266663	-1.0362906455993652	-0.22724992036819458	0.10359101742506027	0.7096263766288757	0.8643807304043145	13	0.08321675979242349	10	0.05240250980326199	7	0.0	1.0	0.0	1.0	0.0	0.0	0.0	0.0	-1.0
0.9000983834266663	-1.0362906455993652	0.22724992036819458	0.10359101742506027	0.7096263766288757	1.0	13	0.0	0	0.0	0	0.0	1.0	0.0	1.0	0.0	0.0	0.0	0.0	-1.0
0.9000983834266663	-1.0362906455993652	-0.22724992036819458	0.10359101742506027	0.7096263766288757	1.0	13	0.0	0	0.0	0	0.0	1.0	0.0	1.0	0.0	0.0	0.0	0.0	-1.0
0.9000983834266663	0.9637093544006348	0.22724992036819458	0.5875276923179626	0.2536448836326599	0.872740277681872	6	0.06909762113636171	7	0.058162101181766304	5	0.10262954980134964	0.0	0.9947196841239929	-5.939851689618081e-06	1.0	6.128402674221434e-07	-0.9947196841239929	-5.9713829614338465e-06	0.10262954980134964
1.8434146642684937	-0.6080130338668823	0.12992388010025024	0.4082503020763397	0.1461402028799057	0.8046970511555921	7	0.11393583605379938	13	0.08136711279060856	8	0.10262954980134964	0.0	0.9947196841239929	-5.939852144365432e-06	1.0	6.128403242655622e-07	-0.9947196841239929	-5.971383416181197e-06	0.10262954980134964
1.8434146642684937	0.5354317426681519	0.12992388010025024	0.5385405421257019	0.14613942801952362	0.8819331890863265	7	0.06625932234595164	6	0.05180748856772195	8	0.10262954980134964	0.0	0.9947196841239929	-5.939852144365432e-06	1.0	6.128403242655622e-07	-0.9947196841239929	-5.971383416181197e-06	0.10262954980134964
0.9000983834266663	0.9637093544006348	-0.22724992036819458	0.13174621760845184	0.2536448538303375	0.888135278838204	6	0.062095001718494594	7	0.049769719443301455	5	0.0	0.0	-1.0	6.014779046381591e-06	-1.0	0.0	-1.0	-6.014779046381591e-06	0.0
0.9000983834266663	-1.0362906455993652	-0.22724992036819458	0.35963696241378784	0.25364622473716736	0.8643807304043145	13	0.08321675979242349	10	0.05240250980326199	7	0.0	0.0	-1.0	6.014778136886889e-06	-1.0	0.0	-1.0	-6.014778136886889e-06	0.0
-0.0024486053735017776	-1.0362906455993652	-0.22724992036819458	0.35963696241378784	0.35650187730789185	0.8677797603033574	10	0.11832817382574184	13	0.013892065870900798	1	0.0	0.0	-1.0	6.01477859163424e-06	-1.0	0.0	-1.0	-6.01477859163424e-06	0.0
1.8434146642684937	-0.6080130338668823	-0.12992388010025024	0.06288693845272064	0.8558735847473145	0.7825895908647558	7	0.12801992948540203	13	0.08939047964984223	8	0.37802013754844666	-0.9257973432540894	0.0	0.0	0.0	1.0	-0.9257973432540894	-0.37802013754844666	0.0
2.668816328048706	-0.27098631858825684	0.053334563970565796	0.08377135545015335	0.761732280254364	0.9776234220911972	8	0.015014944712840348	7	0.007361633195962438	9	0.37802013754844666	-0.9257973432540894	0.0	0.0	0.0	1.0	-0.9257973432540894	-0.37802013754844666	0.0
1.8434146642684937	-0.6080130338668823	0.12992388010025024	0.09249959141016006	0.8558735847473145	0.8046970511555921	7	0.11393583605379938	13	0.08136711279060856	8	0.37802013754844666	-0.9257973432540894	0.0	0.0	0.0	1.0	-0.9257973432540894	-0.37802013754844666	0.0
0.9000983834266663	-1.0362906455993652	-0.22724992036819458	0.35963696241378784	0.25364622473716736	0.8643807304043145	13	0.08321675979242349	10	0.05240250980326199	7	0.10262954980134964	0.0	-0.9947196841239929	6.061343356122961e-06	-1.0	6.253751507756533e-07	-0.9947196841239929	-6.093519459682284e-06	-0.10262954980134964
1.8434146642684937	0.5354317426681519	-0.12992388010025024	0.18073336780071259	0.14613941311836243	0.9056008802509304	7	0.05697617351822465	6	0.03742294623084488	8	0.10262954980134964	0.0	-0.9947196841239929	6.061343356122961e-06	-1.0	6.253751507756533e-07	-0.9947196841239929	-6.093519459682284e-06	-0.10262954980134964
1.8434146642684937	-0.6080130338668823	-0.12992388010025024	0.31102362275123596	0.1461402028799057	0.7825895908647558	7	0.12801992948540203	13	0.08939047964984223	8	0.10262954980134964	0.0	-0.9947196841239929	6.061343356122961e-06	-1.0	6.253751507756533e-07	-0.9947196841239929	-6.093519459682284e-06	-0.10262954980134964
0.9000983834266663	-1.0362906455993652	-0.22724992036819458	0.051795508712530136	0.9634735584259033	0.8643807304043145	13	0.08321675979242349	10	0.05240250980326199	7	0.41340088844299316	-0.9105491042137146	0.0	0.0	0.0	1.0	-0.9105491042137146	-0.41340088844299316	0.0
1.8434146642684937	-0.6080130338668823	0.12992388010025024	0.09249959141016006	0.8558735847473145	0.8046970511555921	7	0.11393583605379938	13	0.08136711279060856	8	0.41340088844299316	-0.9105491042137146	0.0	0.0	0.0	1.0	-0.9105491042137146	-0.41340088844299316	0.0
0.9000983834266663	-1.0362906455993652	0.22724992036819458	0.10359101742506027	0.9634735584259033	0.8507569046676015	13	0.08201917049697197	10	0.06722392483542661	7	0.41340088844299316	-0.9105491042137146	0.0	0.0	0.0	1.0	-0.9105491042137146	-0.41340088844299316	0.0
0.9000983834266663	0.9637093544006348	0.22724992036819458	0.051795508712530136	0.7096263766288757	0.872740277681872	6	0.06909762113636171	7	0.058162101181766304	5	0.41340088844299316	0.9105491042137146	0.0	0.0	0.0	1.0	0.9105491042137146	-0.41340088844299316	0.0
1.8434146642684937	0.5354317426681519	-0.12992388010025024	0.011091426946222782	0.8172412514686584	0.9056008802509304	7	0.05697617351822465	6	0.03742294623084488	8	0.41340088844299316	0.9105491042137146	0.0	0.0	0.0	1.0	0.9105491042137146	-0.41340088844299316	0.0
0.9000983834266663	0.9637093544006348	-0.22724992036819458	0.0	0.7096263766288757	0.888135278838204	6	0.062095001718494594	7	0.049769719443301455	5	0.41340088844299316	0.9105491042137146	0.0	0.0	0.0	1.0	0.9105491042137146	-0.41340088844299316	0.0
2.668816328048706	0.19840502738952637	0.053334563970565796	0.031975843012332916	0.9113942384719849	0.9724886498671609	8	0.0205563405902967	7	0.00695500954254242	9	0.31522858142852783	0.9490157961845398	0.0	0.0	0.0	1.0	0.9490157961845398	-0.31522858142852783	0.0
3.125735282897949	0.046633124351501465	-0.018844425678253174	0.023750213906168938	0.9635055065155029	1.0	9	0.0	0	0.0	0	0.31522858142852783	0.9490157961845398	0.0	0.0	0.0	1.0	0.9490157961845398	-0.31522858142852783	0.0
2.668816328048706	0.19840502738952637	-0.053334563970565796	0.01981966383755207	0.9113942384719849	0.9915118134847613	8	0.008488186515238803	7	0.0	0	0.31522858142852783	0.9490157961845398	0.0	0.0	0.0	1.0	0.9490157961845398	-0.31522858142852783	0.0
1.8434146642684937	-0.6080130338668823	0.12992388010025024	0.4082503020763397	0.1461402028799057	0.8046970511555921	7	0.11393583605379938	13	0.08136711279060856	8	0.09239345043897629	0.0	0.9957225918769836	-5.946146757196402e-06	1.0	5.517450176739658e-07	-0.9957226514816284	-5.971690370643046e-06	0.09239345043897629
2.668816328048706	0.19840502738952637	0.053334563970565796	0.499990850687027	0.05207250267267227	0.9724886498671609	8	0.0205563405902967	7	0.00695500954254242	9	0.09239345043897629	0.0	0.9957225918769836	-5.946146302449051e-06	1.0	5.517450176739658e-07	-0.9957225918769836	-5.971689915895695e-06	0.09239345043897629
1.8434146642684937	0.5354317426681519	0.12992388010025024	0.5385405421257019	0.14613942801952362	0.8819331890863265	7	0.06625932234595164	6	0.05180748856772195	8	0.09239345043897629	0.0	0.9957225918769836	-5.946146302449051e-06	1.0	5.517450176739658e-07	-0.9957225918769836	-5.971689915895695e-06	0.09239345043897629
1.8434146642684937	0.5354317426681519	0.12992388010025024	0.04070408269762993	0.8172412514686584	0.8819331890863265	7	0.06625932234595164	6	0.05180748856772195	8	0.37802013754844666	0.9257973432540894	0.0	0.0	0.0	1.0	0.9257973432540894	-0.37802013754844666	0.0
2.668816328048706	0.19840502738952637	-0.053334563970565796	0.01981966383755207	0.9113942384719849	0.9915118134847613	8	0.008488186515238803	7	0.0	0	0.37802013754844666	0.9257973432540894	0.0	0.0	0.0	1.0	0.9257973432540894	-0.37802013754844666	0.0
1.8434146642684937	0.5354317426681519	-0.12992388010025024	0.011091426946222782	0.8172412514686584	0.9056008802509304	7	0.05697617351822465	6	0.03742294623084488	8	0.37802013754844666	0.9257973432540894	0.0	0.0	0.0	1.0	0.9257973432540894	-0.37802013754844666	0.0
1.8434146642684937	0.5354317426681519	-0.12992388010025024	0.18073336780071259	0.14613941311836243	0.9056008802509304	7	0.05697617351822465	6	0.03742294623084488	8	0.09239345043897629	0.0	-0.9957225918769836	6.06049616180826e-06	-1.0	5.623555807687808e-07	-0.9957226514816284	-6.086530902393861e-06	-0.09239345043897629
2.668816328048706	-0.27098631858825684	-0.053334563970565796	0.2727680504322052	0.05207281559705734	0.9558534462258422	8	0.026041817574375358	7	0.01810473619978244	9	0.09239345043897629	0.0	-0.9957225918769836	6.060495707060909e-06	-1.0	5.623555807687808e-07	-0.9957225918769836	-6.08653044764651e-06	-0.09239345043897629
1.8434146642684937	-0.6080130338668823	-0.12992388010025024	0.31102362275123596	0.1461402028799057	0.7825895908647558	7	0.12801992948540203	13	0.08939047964984223	8	0.09239345043897629	0.0	-0.9957225918769836	6.060495707060909e-06	-1.0	5.623555807687808e-07	-0.9957225918769836	-6.08653044764651e-06	-0.09239345043897629
3.125735282897949	0.046633124351501465	-0.018844425678253174	0.4049910604953766	0.709626317024231	1.0	9	0.0	0	0.0	0	1.0	0.0	0.0	0.0	0.0	1.0	0.0	-1.0	0.0
3.125735282897949	-0.11921441555023193	0.018844425678253174	0.40928614139556885	0.7284846305847168	0.9960448178362734	9	0.003955182163726643	8	0.0	0	1.0	0.0	0.0	0.0	0.0	1.0	0.0	-1.0	0.0
3.125735282897949	-0.11921441555023193	-0.018844425678253174	0.4049910604953766	0.7284846305847168	0.9891376558935977	9	0.010862344106402341	8	0.0	0	1.0	0.0	0.0	0.0	0.0	1.0	0.0	-1.0	0.0
2.668816328048706	0.19840502738952637	-0.053334563970565796	0.2192830890417099	0.052072491496801376	0.9915118134847613	8	0.008488186515238803	7	0.0	0	0.07527001202106476	0.0	-0.9971631765365601	6.058626240701415e-06	-1.0	4.5733023057437094e-07	-0.9971631765365601	-6.075862529542064e-06	-0.07527001202106476
3.125735282897949	-0.11921441555023193	-0.018844425678253174	0.2555405795574188	1.023941251787619e-07	0.9891376558935977	9	0.010862344106402341	8	0.0	0	0.07527001202106476	0.0	-0.9971631765365601	6.058625785954064e-06	-1.0	4.573302021526615e-07	-0.9971631765365601	-6.075862074794713e-06	-0.07527001202106476
2.668816328048706	-0.27098631858825684	-0.053334563970565796	0.2727680504322052	0.05207281559705734	0.9558534462258422	8	0.026041817574375358	7	0.01810473619978244	9	0.07527001202106476	0.0	-0.9971631765365601	6.058626240701415e-06	-1.0	4.5733023057437094e-07	-0.9971631765365601	-6.075862529542064e-06	-0.07527001202106476
2.668816328048706	-0.27098631858825684	-0.053334563970565796	0.07161517441272736	0.761732280254364	0.9558534462258422	8	0.026041817574375358	7	0.01810473619978244	9	0.31522858142852783	-0.9490157961845398	0.0	0.0	0.0	1.0	-0.9490157961845398	-0.31522858142852783	0.0
3.125735282897949	-0.11921441555023193	0.018844425678253174	0.07984080165624619	0.709626317024231	0.9960448178362734	9	0.003955182163726643	8	0.0	0	0.31522858142852783	-0.9490157961845398	0.0	0.0	0.0	1.0	-0.9490157961845398	-0.31522858142852783	0.0
2.668816328048706	-0.27098631858825684	0.053334563970565796	0.08377135545015335	0.761732280254364	0.9776234220911972	8	0.015014944712840348	7	0.007361633195962438	9	0.31522858142852783	-0.9490157961845398	0.0	0.0	0.0	1.0	-0.9490157961845398	-0.31522858142852783	0.0
2.668816328048706	-0.27098631858825684	0.053334563970565796	0.4465058743953705	0.05207281932234764	0.9776234220911972	8	0.015014944712840348	7	0.007361633195962438	9	0.07527001202106476	0.0	0.9971631765365601	-5.919347586313961e-06	1.0	4.468169265692268e-07	-0.9971631765365601	-5.936187335464638e-06	0.07527001202106476
3.125735282897949	0.046633124351501465	0.018844425678253174	0.4826309084892273	-2.699919399162809e-09	0.996635115268598	9	0.003364884731401936	8	0.0	0	0.07527001202106476	0.0	0.9971631765365601	-5.919347586313961e-06	1.0	4.468169265692268e-07	-0.9971631765365601	-5.936187335464638e-06	0.07527001202106476
2.668816328048706	0.19840502738952637	0.053334563970565796	0.499990850687027	0.05207250267267227	0.9724886498671609	8	0.0205563405902967	7	0.00695500954254242	9	0.07527001202106476	0.0	0.9971631765365601	-5.919347586313961e-06	1.0	4.468169265692268e-07	-0.9971631765365601	-5.936187335464638e-06	0.07527001202106476
-1.7893545627593994	0.5623056888580322	-0.13603094220161438	0.16578198969364166	0.8589916825294495	0.874729691319869	2	0.0721045155375702	1	0.0531657931425608	3	-0.3635989725589752	0.9315555691719055	0.0	0.0	0.0	1.0	0.9315555691719055	0.3635989725589752	0.0
-2.6737136840820312	0.21712815761566162	0.057589396834373474	0.18784727156162262	0.7583004236221313	0.9876376649670204	3	0.012362335032979573	2	0.0	4	-0.3635989725589752	0.9315555691719055	0.0	0.0	0.0	1.0	0.9315555691719055	0.3635989725589752	0.0
-1.7893545627593994	0.5623056888580322	0.13603094220161438	0.19678658246994019	0.8589916825294495	0.897331275321356	2	0.062494845472025815	1	0.04017387920661811	3	-0.3635989725589752	0.9315555691719055	0.0	0.0	0.0	1.0	0.9315556287765503	0.3635989725589752	0.0
-0.9049956798553467	0.9637093544006348	-0.22724992036819458	0.1553865373134613	0.9596680998802185	0.8663923762572605	1	0.07497333920165389	2	0.05863428454108561	5	-0.4133099615573883	0.910590410232544	0.0	0.0	0.0	1.0	0.910590410232544	0.4133099615573883	0.0
-1.7893545627593994	0.5623056888580322	0.13603094220161438	0.19678658246994019	0.8589916825294495	0.897331275321356	2	0.062494845472025815	1	0.04017387920661811	3	-0.4133099615573883	0.910590410232544	0.0	0.0	0.0	1.0	0.9105904698371887	0.4133099913597107	0.0
-0.9049956798553467	0.9637093544006348	0.22724992036819458	0.20718203485012054	0.9596680998802185	0.8815532973118393	1	0.06756167139253415	2	0.05088503129562657	5	-0.4133099615573883	0.910590410232544	0.0	0.0	0.0	1.0	0.910590410232544	0.4133099615573883	0.0
-0.9049956798553467	-1.0362906455993652	-0.22724992036819458	0.35963696241378784	0.45935752987861633	0.924766980767286	10	0.07523301923271399	2	0.0	0	-0.10260265320539474	0.0	-0.9947224259376526	6.014997779857367e-06	-1.0	-6.204290912137367e-07	-0.9947224259376526	-6.0469110394478776e-06	0.10260265320539474
-1.7893545627593994	0.5623056888580322	-0.13603094220161438	0.17765946686267853	0.5601356625556946	0.874729691319869	2	0.0721045155375702	1	0.0531657931425608	3	-0.10260265320539474	0.0	-0.9947224259376526	6.014997779857367e-06	-1.0	-6.204290912137367e-07	-0.9947224259376526	-6.0469110394478776e-06	0.10260265320539474
-0.9049956798553467	0.9637093544006348	-0.22724992036819458	0.13174620270729065	0.4593561589717865	0.8663923762572605	1	0.07497333920165389	2	0.05863428454108561	5	-0.10260265320539474	0.0	-0.9947224259376526	6.014997779857367e-06	-1.0	-6.204290912137367e-07	-0.9947224259376526	-6.0469110394478776e-06	0.10260265320539474
-0.9049956798553467	0.9637093544006348	0.22724992036819458	0.5875276923179626	0.4593561887741089	0.8815532973118393	1	0.06756167139253415	2	0.05088503129562657	5	-0.10260266065597534	0.0	0.9947224259376526	-5.884239726583473e-06	1.0	-6.069418532206328e-07	-0.9947224259376526	-5.915459041716531e-06	-0.10260266065597534
-1.7893545627593994	-0.6348869204521179	0.13603094220161438	0.4051998257637024	0.5601364374160767	0.7532995209044934	2	0.15341130826771088	10	0.0932891708277958	3	-0.10260266065597534	0.0	0.9947224259376526	-5.884239726583473e-06	1.0	-6.069418532206328e-07	-0.9947224259376526	-5.915459041716531e-06	-0.10260266065597534
-0.9049956798553467	-1.0362906455993652	0.22724992036819458	0.35963693261146545	0.45935752987861633	0.9398924403293685	10	0.057737855723022306	2	0.002369703947609179	1	-0.10260266065597534	0.0	0.9947224259376526	-5.884240181330824e-06	1.0	-6.069419100640516e-07	-0.9947224259376526	-5.915459496463882e-06	-0.10260266065597534
-2.6737136840820312	-0.2897094488143921	-0.057589396834373474	0.27489328384399414	0.6609159708023071	0.9828431898632971	3	0.017156810136702862	2	0.0	4	-0.07506848871707916	0.0	-0.9971783757209778	6.191786269482691e-06	-1.0	-4.6612325377282104e-07	-0.9971783757209778	-6.209306320670294e-06	0.07506848871707916
-3.10115385055542	0.07553040981292725	-0.025411315262317657	0.23333768546581268	0.7096261382102966	0.5051195639507707	4	0.4848125857934765	3	0.01006785025575272	2	-0.07506848871707916	0.0	-0.9971783757209778	6.191786269482691e-06	-1.0	-4.6612325377282104e-07	-0.9971783757209778	-6.209306320670294e-06	0.07506848871707916
-2.6737136840820312	0.21712815761566162	-0.057589396834373474	0.21714147925376892	0.6609156131744385	0.9756340980841905	3	0.02436590191580944	2	0.0	4	-0.07506848871707916	0.0	-0.9971783757209778	6.191786724230042e-06	-1.0	-4.661232821945305e-07	-0.9971783757209778	-6.2093067754176445e-06	0.07506848871707916
-1.7893545627593994	-0.6348869204521179	0.13603094220161438	0.4051998257637024	0.5601364374160767	0.7532995209044934	2	0.15341130826771088	10	0.0932891708277958	3	-0.08835187554359436	0.0	0.9960893392562866	-6.126601419964572e-06	1.0	-5.434218905975285e-07	-0.9960893392562866	-6.15065437159501e-06	-0.08835187554359436
-2.6737136840820312	0.21712815761566162	0.057589396834373474	0.5021323561668396	0.6609156131744385	0.9876376649670204	3	0.012362335032979573	2	0.0	4	-0.08835187554359436	0.0	0.9960893392562866	-6.126601419964572e-06	1.0	-5.434218905975285e-07	-0.9960893392562866	-6.15065437159501e-06	-0.08835187554359436
-2.6737136840820312	-0.2897094488143921	0.057589396834373474	0.44438058137893677	0.6609159708023071	0.9719398947271964	3	0.02806010527280355	2	0.0	0	-0.08835187554359436	0.0	0.9960893392562866	-6.126601419964572e-06	1.0	-5.434218905975285e-07	-0.9960893392562866	-6.15065437159501e-06	-0.08835187554359436
-1.7893545627593994	0.5623056888580322	-0.13603094220161438	0.17765946686267853	0.5601356625556946	0.874729691319869	2	0.0721045155375702	1	0.0531657931425608	3	-0.08835187554359436	0.0	-0.9960893392562866	6.126605967438081e-06	-1.0	-5.434222885014606e-07	-0.9960893392562866	-6.150658919068519e-06	0.08835187554359436
-2.6737136840820312	-0.2897094488143921	-0.057589396834373474	0.27489328384399414	0.6609159708023071	0.9828431898632971	3	0.017156810136702862	2	0.0	4	-0.08835187554359436	0.0	-0.9960893392562866	6.126605967438081e-06	-1.0	-5.434222885014606e-07	-0.9960893392562866	-6.150658919068519e-06	0.08835187554359436
-2.6737136840820312	0.21712815761566162	-0.057589396834373474	0.21714147925376892	0.6609156131744385	0.9756340980841905	3	0.02436590191580944	2	0.0	4	-0.08835187554359436	0.0	-0.9960893392562866	6.126605967438081e-06	-1.0	-5.434222885014606e-07	-0.9960893392562866	-6.150658919068519e-06	0.08835187554359436
-1.7893545627593994	-0.6348869204521179	0.13603094220161438	0.14499105513095856	0.810316801071167	0.7532995209044934	2	0.15341130826771088	10	0.0932891708277958	3	-0.36359891295433044	-0.9315556883811951	0.0	0.0	0.0	1.0	-0.9315556883811951	0.36359891295433044	0.0
-2.6737136840820312	-0.2897094488143921	-0.057589396834373474	0.1229257881641388	0.9110202193260193	0.9828431898632971	3	0.017156810136702862	2	0.0	4	-0.36359891295433044	-0.9315556883811951	0.0	0.0	0.0	1.0	-0.9315556883811951	0.36359891295433044	0.0
-1.7893545627593994	-0.6348869204521179	-0.13603094220161438	0.11398646980524063	0.810316801071167	0.7769301610753049	2	0.13754066591731318	10	0.08552917300738196	3	-0.36359891295433044	-0.9315556883811951	0.0	0.0	0.0	1.0	-0.9315556287765503	0.36359888315200806	0.0
-3.10115385055542	0.07553040981292725	0.025411315262317657	0.3991992473602295	0.709626317024231	0.5051604308121878	4	0.48495981395238374	3	0.009879755235428478	2	-1.0	0.0	0.0	0.0	0.0	-1.0	0.0	-1.0	0.0
-3.10115385055542	-0.14811170101165771	-0.025411315262317657	0.4049910604953766	0.7350563406944275	0.5052095459533021	4	0.4845620177941074	3	0.010228436252590492	2	-1.0	0.0	0.0	0.0	0.0	-1.0	0.0	-1.0	0.0
-3.10115385055542	-0.14811170101165771	0.025411315262317657	0.3991992473602295	0.7350563406944275	0.5051797771967785	4	0.4844241625118813	3	0.010396060291340136	2	-1.0	0.0	0.0	0.0	0.0	-1.0	0.0	-1.0	0.0
-2.6737136840820312	-0.2897094488143921	0.057589396834373474	0.136051744222641	0.9110202193260193	0.9719398947271964	3	0.02806010527280355	2	0.0	0	-0.31446370482444763	-0.9492695331573486	0.0	0.0	0.0	1.0	-0.9492695331573486	0.31446370482444763	0.0
-3.10115385055542	-0.14811170101165771	-0.025411315262317657	0.12659284472465515	0.9596993327140808	0.5052095459533021	4	0.4845620177941074	3	0.010228436252590492	2	-0.31446370482444763	-0.9492695331573486	0.0	0.0	0.0	1.0	-0.9492695331573486	0.31446370482444763	0.0
-2.6737136840820312	-0.2897094488143921	-0.057589396834373474	0.1229257881641388	0.9110202193260193	0.9828431898632971	3	0.017156810136702862	2	0.0	4	-0.31446370482444763	-0.9492695331573486	0.0	0.0	0.0	1.0	-0.9492695331573486	0.31446370482444763	0.0
-2.6737136840820312	0.21712815761566162	0.057589396834373474	0.18784727156162262	0.7583004236221313	0.9876376649670204	3	0.012362335032979573	2	0.0	4	-0.31446373462677	0.9492695331573486	0.0	0.0	0.0	1.0	0.9492695331573486	0.31446373462677	0.0
-3.10115385055542	0.07553040981292725	-0.025411315262317657	0.17838837206363678	0.709626317024231	0.5051195639507707	4	0.4848125857934765	3	0.01006785025575272	2	-0.31446373462677	0.9492695331573486	0.0	0.0	0.0	1.0	0.9492695331573486	0.31446373462677	0.0
-3.10115385055542	0.07553040981292725	0.025411315262317657	0.18418020009994507	0.709626317024231	0.5051604308121878	4	0.48495981395238374	3	0.009879755235428478	2	-0.31446373462677	0.9492695331573486	0.0	0.0	0.0	1.0	0.9492695331573486	0.31446373462677	0.0
-2.6737136840820312	0.21712815761566162	0.057589396834373474	0.5021323561668396	0.6609156131744385	0.9876376649670204	3	0.012362335032979573	2	0.0	4	-0.07506848871707916	0.0	0.9971783757209778	-6.191783086251235e-06	1.0	-4.661230263991456e-07	-0.9971783757209778	-6.2093031374388374e-06	-0.07506848871707916
-3.10115385055542	-0.14811170101165771	0.025411315262317657	0.46045318245887756	0.709626317024231	0.5051797771967785	4	0.4844241625118813	3	0.010396060291340136	2	-0.07506848871707916	0.0	0.9971783757209778	-6.191783086251235e-06	1.0	-4.661230263991456e-07	-0.9971783757209778	-6.2093031374388374e-06	-0.07506848871707916
-2.6737136840820312	-0.2897094488143921	0.057589396834373474	0.44438058137893677	0.6609159708023071	0.9719398947271964	3	0.02806010527280355	2	0.0	0	-0.07506848871707916	0.0	0.9971783757209778	-6.191783086251235e-06	1.0	-4.661230263991456e-07	-0.9971783757209778	-6.2093031374388374e-06	-0.07506848871707916
-0.9049956798553467	-1.0362906455993652	0.22724992036819458	0.10359101742506027	0.7096263766288757	0.9398924403293685	10	0.057737855723022306	2	0.002369703947609179	1	0.0	1.0	0.0	1.0	0.0	0.0	0.0	0.0	-1.0
-0.9049956798553467	-1.0362906455993652	-0.22724992036819458	0.10359101742506027	0.7096263766288757	0.5	11	0.5	10	0.0	0	0.0	1.0	0.0	1.0	0.0	0.0	0.0	0.0	-1.0
-0.9049956798553467	-1.0362906455993652	0.22724992036819458	0.10359101742506027	0.7096263766288757	0.5	11	0.5	10	0.0	0	0.0	1.0	0.0	1.0	0.0	0.0	0.0	0.0	-1.0
-0.0024486053735017776	-1.0362906455993652	0.22724992036819458	0.9249852299690247	0.33202335238456726	1.0	13	0.0	0	0.0	0	0.0	-0.04608207568526268	0.9989376664161682	-1.0	0.0	0.0	0.0	-0.9989376664161682	-0.04608207568526268
0.757810652256012	-2.589529514312744	0.15559732913970947	0.83834308385849	0.5091453194618225	0.5025102403860637	15	0.4974897596139362	14	0.0	0	0.0	-0.04608207568526268	0.9989376664161682	-1.0	0.0	0.0	0.0	-0.9989376664161682	-0.04608207568526268
0.9000983834266663	-1.0362906455993652	0.22724992036819458	0.8221296072006226	0.33202335238456726	1.0	13	0.0	0	0.0	0	0.0	-0.04608207568526268	0.9989376664161682	-1.0	0.0	0.0	0.0	-0.9989376664161682	-0.04608207568526268
-0.0024486053735017776	-1.0362906455993652	0.22724992036819458	0.10359101742506027	0.7096263766288757	1.0	13	0.0	0	0.0	0	0.0	1.0	0.0	1.0	0.0	0.0	0.0	0.0	-1.0
-0.9049956798553467	-1.0362906455993652	0.22724992036819458	0.10359101742506027	0.7096263766288757	0.9660717364121783	10	0.03392826358782176	11	0.0	0	0.0	1.0	0.0	1.0	0.0	0.0	0.0	0.0	-1.0
-0.0024486053735017776	-1.0362906455993652	0.22724992036819458	0.10359101742506027	0.7096263766288757	0.9702174394318056	10	0.029782560568194397	11	0.0	0	0.0	1.0	0.0	1.0	0.0	0.0	0.0	0.0	-1.0
-0.0024486053735017776	-1.0362906455993652	-0.22724992036819458	0.10359101742506027	0.7096263766288757	0.8677797603033574	10	0.11832817382574184	13	0.013892065870900798	1	0.0	1.0	0.0	1.0	0.0	0.0	0.0	0.0	-1.0
-0.0024486053735017776	-1.0362906455993652	-0.22724992036819458	0.10359101742506027	0.7096263766288757	1.0	13	0.0	0	0.0	0	0.0	1.0	0.0	1.0	0.0	0.0	0.0	0.0	-1.0
-0.9049956798553467	-1.0362906455993652	-0.22724992036819458	0.10359101742506027	0.7096263766288757	0.924766980767286	10	0.07523301923271399	2	0.0	0	0.0	1.0	0.0	1.0	0.0	0.0	0.0	0.0	-1.0
0.9000983834266663	-1.0362906455993652	0.22724992036819458	0.10359101742506027	0.7096263766288757	0.8507569046676015	13	0.08201917049697197	10	0.06722392483542661	7	0.0	1.0	0.0	1.0	0.0	0.0	0.0	0.0	-1.0
-0.0024486053735017776	-1.0362906455993652	0.22724992036819458	0.10359101742506027	0.7096263766288757	0.9019955197795693	10	0.0836970010707922	13	0.014307479149638504	6	0.0	1.0	0.0	1.0	0.0	0.0	0.0	0.0	-1.0
-0.0024486053735017776	-1.0362906455993652	-0.22724992036819458	0.8221296072006226	5.6284048532972974e-09	0.9724722438141378	10	0.027527756185862177	11	0.0	0	0.0	-0.050370749086141586	-0.9987305402755737	1.0	-7.055226092234079e-08	3.558287442473329e-09	-7.064193141559372e-08	-0.9987305402755737	0.050370749086141586
-0.7496148943901062	-2.587716579437256	-0.14900410175323486	0.7369835376739502	0.1769280880689621	1.0	11	0.0	0	0.0	0	0.0	-0.050370749086141586	-0.9987305402755737	1.0	-7.055226092234079e-08	3.558287442473329e-09	-7.064193141559372e-08	-0.9987305402755737	0.050370749086141586
-0.9049956798553467	-1.0362906455993652	-0.22724992036819458	0.7192739248275757	1.289024265105354e-08	0.956567949294123	10	0.043432050705877016	11	0.0	0	0.0	-0.050370749086141586	-0.9987305402755737	1.0	-7.055226092234079e-08	3.558287442473329e-09	-7.064193141559372e-08	-0.9987305402755737	0.050370749086141586
-0.0024486053735017776	-1.0362906455993652	-0.22724992036819458	0.10359101742506027	0.7096263766288757	0.9724722438141378	10	0.027527756185862177	11	0.0	0	0.0	1.0	0.0	1.0	0.0	0.0	0.0	0.0	-1.0
-0.9049956798553467	-1.0362906455993652	-0.22724992036819458	0.10359101742506027	0.7096263766288757	0.956567949294123	10	0.043432050705877016	11	0.0	0	0.0	1.0	0.0	1.0	0.0	0.0	0.0	0.0	-1.0
-0.7496148943901062	-2.587716579437256	0.14900410175323486	0.8044200539588928	0.510297417640686	1.0	11	0.0	0	0.0	0	0.0	-0.05021347850561142	0.9987385272979736	-1.0	0.0	0.0	0.0	-0.9987385272979736	-0.05021347850561142
-0.2947886288166046	-3.9595038890838623	0.08003488183021545	0.7525854706764221	0.6667386889457703	1.0	12	0.0	0	0.0	0	0.0	-0.05021347850561142	0.9987385272979736	-1.0	0.0	0.0	0.0	-0.9987385272979736	-0.05021347850561142
-0.15782934427261353	-2.587716579437256	0.14900410175323486	0.7369792461395264	0.510297417640686	1.0	11	0.0	0	0.0	0	0.0	-0.05021347850561142	0.9987385272979736	-1.0	0.0	0.0	0.0	-0.9987385272979736	-0.05021347850561142
-0.9049956798553467	-1.0362906455993652	0.22724992036819458	0.8221296072006226	0.33336934447288513	0.9660717364121783	10	0.03392826358782176	11	0.0	0	0.0	-0.050370749086141586	0.9987305402755737	-1.0	0.0	0.0	0.0	-0.9987305402755737	-0.050370749086141586
-0.15782934427261353	-2.587716579437256	0.14900410175323486	0.7369792461395264	0.510297417640686	1.0	11	0.0	0	0.0	0	0.0	-0.050370749086141586	0.9987305402755737	-1.0	0.0	0.0	0.0	-0.9987305402755737	-0.050370749086141586
-0.0024486053735017776	-1.0362906455993652	0.22724992036819458	0.7192739248275757	0.33336934447288513	0.9702174394318056	10	0.029782560568194397	11	0.0	0	0.0	-0.050370749086141586	0.9987305402755737	-1.0	0.0	0.0	0.0	-0.9987305402755737	-0.050370749086141586
-0.9049956798553467	-1.0362906455993652	-0.22724992036819458	0.9767807722091675	6.792638007624419e-09	0.956567949294123	10	0.043432050705877016	11	0.0	0	-0.9950220584869385	-0.09965497255325317	0.0	0.0	0.0	-1.0	0.09965497255325317	-0.9950220584869385	0.0
-0.7496148943901062	-2.587716579437256	0.14900410175323486	0.9339022636413574	0.17758964002132416	1.0	11	0.0	0	0.0	0	-0.9950220584869385	-0.09965497255325317	0.0	0.0	0.0	-1.0	0.09965497255325317	-0.9950220584869385	0.0
-0.9049956798553467	-1.0362906455993652	0.22724992036819458	0.9249852895736694	6.792638007624419e-09	0.9660717364121783	10	0.03392826358782176	11	0.0	0	-0.9950220584869385	-0.09965497255325317	0.0	0.0	0.0	-1.0	0.09965498000383377	-0.9950221180915833	0.0
-0.0024486053735017776	-1.0362906455993652	0.22724992036819458	0.9767807722091675	0.33461305499076843	0.9702174394318056	10	0.029782560568194397	11	0.0	0	0.9950220584869385	-0.09965494275093079	0.0	0.0	0.0	1.0	-0.09965494275093079	-0.9950220584869385	0.0
-0.15782934427261353	-2.587716579437256	-0.14900410175323486	0.9339022636413574	0.5122026801109314	1.0	11	0.0	0	0.0	0	0.9950220584869385	-0.09965494275093079	0.0	0.0	0.0	1.0	-0.09965494275093079	-0.9950220584869385	0.0
-0.0024486053735017776	-1.0362906455993652	-0.22724992036819458	0.9249852895736694	0.33461305499076843	0.9724722438141378	10	0.027527756185862177	11	0.0	0	0.9950220584869385	-0.09965494275093079	0.0	0.0	0.0	1.0	-0.09965495020151138	-0.9950221180915833	0.0
-0.2947886288166046	-3.9595038890838623	-0.08003488183021545	0.3809574544429779	0.7096263766288757	1.0	12	0.0	0	0.0	0	0.0	-1.0	0.0	0.0	0.0	1.0	-1.0	0.0	0.0
-0.6126556396484375	-3.9595038890838623	0.08003488183021545	0.3991992473602295	0.7458508610725403	1.0	12	0.0	0	0.0	0	0.0	-1.0	0.0	0.0	0.0	1.0	-1.0	0.0	0.0
-0.6126556396484375	-3.9595038890838623	-0.08003488183021545	0.3809574544429779	0.7458508610725403	1.0	12	0.0	0	0.0	0	0.0	-1.0	0.0	0.0	0.0	1.0	-1.0	0.0	0.0
-0.7496148943901062	-2.587716579437256	-0.14900410175323486	0.9678637385368347	0.17758964002132416	1.0	11	0.0	0	0.0	0	-0.9950529336929321	-0.0993460863828659	0.0	0.0	0.0	-1.0	0.0993460863828659	-0.9950529336929321	0.0
-0.6126556396484375	-3.9595038890838623	0.08003488183021545	0.9417621493339539	0.33461302518844604	1.0	12	0.0	0	0.0	0	-0.9950529336929321	-0.0993460863828659	0.0	0.0	0.0	-1.0	0.0993460863828659	-0.9950529336929321	0.0
-0.7496148943901062	-2.587716579437256	0.14900410175323486	0.9339022636413574	0.17758964002132416	1.0	11	0.0	0	0.0	0	-0.9950529336929321	-0.0993460863828659	0.0	0.0	0.0	-1.0	0.0993460938334465	-0.9950529932975769	0.0
-0.15782934427261353	-2.587716579437256	0.14900410175323486	0.9678637385368347	0.5122026801109314	1.0	11	0.0	0	0.0	0	0.9950529336929321	-0.0993461087346077	0.0	0.0	0.0	1.0	-0.0993461087346077	-0.9950529336929321	0.0
-0.2947886288166046	-3.9595038890838623	-0.08003488183021545	0.9417621493339539	0.6692260503768921	1.0	12	0.0	0	0.0	0	0.9950529336929321	-0.0993461087346077	0.0	0.0	0.0	1.0	-0.0993461087346077	-0.9950529336929321	0.0
-0.15782934427261353	-2.587716579437256	-0.14900410175323486	0.9339022636413574	0.5122026801109314	1.0	11	0.0	0	0.0	0	0.9950529336929321	-0.0993461087346077	0.0	0.0	0.0	1.0	-0.0993461161851883	-0.9950529932975769	0.0
-0.15782934427261353	-2.587716579437256	-0.14900410175323486	0.8044242858886719	0.1769280880689621	1.0	11	0.0	0	0.0	0	0.0	-0.05021348223090172	-0.9987385272979736	1.0	0.0	0.0	0.0	-0.9987385272979736	0.05021348223090172
-0.6126556396484375	-3.9595038890838623	-0.08003488183021545	0.7525935173034668	0.33336934447288513	1.0	12	0.0	0	0.0	0	0.0	-0.05021348223090172	-0.9987385272979736	1.0	0.0	0.0	0.0	-0.9987385272979736	0.05021348223090172
-0.7496148943901062	-2.587716579437256	-0.14900410175323486	0.7369835376739502	0.1769280880689621	1.0	11	0.0	0	0.0	0	0.0	-0.05021348223090172	-0.9987385272979736	1.0	0.0	0.0	0.0	-0.9987385272979736	0.05021348223090172
0.757810652256012	-2.589529514312744	-0.15559732913970947	0.908771812915802	0.17712201178073883	0.5024220615774544	15	0.49757793842254566	14	0.0	0	0.0	-0.055076342076063156	-0.9984822273254395	1.0	0.0	0.0	0.0	-0.9984822273254395	0.055076342076063156
0.28860947489738464	-3.947702407836914	-0.08068042993545532	0.8553030490875244	0.33202338218688965	1.0	15	0.0	0	0.0	0	0.0	-0.055076342076063156	-0.9984822273254395	1.0	0.0	0.0	0.0	-0.9984821677207947	0.05507633835077286
0.1398392617702484	-2.589529514312744	-0.15559732913970947	0.8383468389511108	0.17712201178073883	0.5035205737615159	15	0.49647942623848407	14	0.0	0	0.0	-0.055076342076063156	-0.9984822273254395	1.0	0.0	0.0	0.0	-0.9984822273254395	0.055076342076063156
0.9000983834266663	-1.0362906455993652	0.22724992036819458	0.8739251494407654	0.6640467047691345	1.0	13	0.0	0	0.0	0	0.9958302974700928	-0.09122513234615326	0.0	0.0	0.0	1.0	-0.09122513234615326	-0.9958302974700928	0.0
0.757810652256012	-2.589529514312744	-0.15559732913970947	0.8302952647209167	0.8417431712150574	0.5024220615774544	15	0.49757793842254566	14	0.0	0	0.9958302974700928	-0.09122513234615326	0.0	0.0	0.0	1.0	-0.09122513234615326	-0.9958302974700928	0.0
0.9000983834266663	-1.0362906455993652	-0.22724992036819458	0.8221296072006226	0.6640467047691345	1.0	13	0.0	0	0.0	0	0.9958302974700928	-0.09122513234615326	0.0	0.0	0.0	1.0	-0.09122513234615326	-0.9958302974700928	0.0
-0.0024486053735017776	-1.0362906455993652	-0.22724992036819458	0.7710694670677185	0.666738748550415	1.0	13	0.0	0	0.0	0	-0.9958302974700928	-0.09122521430253983	0.0	0.0	0.0	-1.0	0.09122521430253983	-0.9958302974700928	0.0
0.1398392617702484	-2.589529514312744	0.15559732913970947	0.7274396419525146	0.8444352149963379	0.5034042804223259	15	0.4965957195776741	14	0.0	0	-0.9958302974700928	-0.09122521430253983	0.0	0.0	0.0	-1.0	0.09122521430253983	-0.9958302974700928	0.0
-0.0024486053735017776	-1.0362906455993652	0.22724992036819458	0.7192739844322205	0.666738748550415	1.0	13	0.0	0	0.0	0	-0.9958302974700928	-0.09122521430253983	0.0	0.0	0.0	-1.0	0.09122521430253983	-0.9958302974700928	0.0
0.9000983834266663	-1.0362906455993652	-0.22724992036819458	0.9249852299690247	1.195178622737103e-08	1.0	13	0.0	0	0.0	0	0.0	-0.04608207195997238	-0.9989376664161682	1.0	-2.0255505717159394e-07	9.344082840812007e-09	-2.0277046530736698e-07	-0.9989376664161682	0.04608207195997238
0.1398392617702484	-2.589529514312744	-0.15559732913970947	0.8383468389511108	0.17712201178073883	0.5035205737615159	15	0.49647942623848407	14	0.0	0	0.0	-0.04608207195997238	-0.9989376664161682	1.0	-2.0255504296073923e-07	9.344081952633587e-09	-2.0277045109651226e-07	-0.9989376664161682	0.04608207195997238
-0.0024486053735017776	-1.0362906455993652	-0.22724992036819458	0.8221296072006226	3.27989582160626e-08	1.0	13	0.0	0	0.0	0	0.0	-0.04608207195997238	-0.9989376664161682	1.0	-2.0255505717159394e-07	9.344082840812007e-09	-2.0277046530736698e-07	-0.9989376664161682	0.04608207195997238
0.609040379524231	-3.947702407836914	-0.08068042993545532	0.36256852746009827	0.709626317024231	1.0	15	0.0	0	0.0	0	0.0	-1.0	0.0	0.0	0.0	1.0	-1.0	0.0	0.0
0.28860947489738464	-3.947702407836914	0.08068042993545532	0.3809574544429779	0.7461430430412292	1.0	15	0.0	0	0.0	0	0.0	-1.0	0.0	0.0	0.0	1.0	-1.0	0.0	0.0
0.28860947489738464	-3.947702407836914	-0.08068042993545532	0.36256852746009827	0.7461430430412292	1.0	15	0.0	0	0.0	0	0.0	-1.0	0.0	0.0	0.0	1.0	-1.0	0.0	0.0
0.1398392617702484	-2.589529514312744	0.15559732913970947	0.9087680578231812	0.5091453194618225	0.5034042804223259	15	0.4965957195776741	14	0.0	0	0.0	-0.055076342076063156	0.9984822273254395	-1.0	0.0	0.0	0.0	-0.9984822273254395	-0.055076342076063156
0.609040379524231	-3.947702407836914	0.08068042993545532	0.8552950620651245	0.6640467047691345	1.0	15	0.0	0	0.0	0	0.0	-0.055076342076063156	0.9984822273254395	-1.0	0.0	0.0	0.0	-0.9984822273254395	-0.055076342076063156
0.757810652256012	-2.589529514312744	0.15559732913970947	0.83834308385849	0.5091453194618225	0.5025102403860637	15	0.4974897596139362	14	0.0	0	0.0	-0.055076342076063156	0.9984822273254395	-1.0	0.0	0.0	0.0	-0.9984822273254395	-0.055076342076063156
0.1398392617702484	-2.589529514312744	-0.15559732913970947	0.7629038691520691	0.8444352149963379	0.5035205737615159	15	0.49647942623848407	14	0.0	0	-0.9940542578697205	-0.1088857427239418	0.0	0.0	0.0	-1.0	0.1088857427239418	-0.9940542578697205	0.0
0.28860947489738464	-3.947702407836914	0.08068042993545532	0.735977292060852	1.0000001192092896	1.0	15	0.0	0	0.0	0	-0.9940542578697205	-0.1088857427239418	0.0	0.0	0.0	-1.0	0.1088857427239418	-0.9940542578697205	0.0
0.1398392617702484	-2.589529514312744	0.15559732913970947	0.7274396419525146	0.8444352149963379	0.5034042804223259	15	0.4965957195776741	14	0.0	0	-0.9940542578697205	-0.1088857427239418	0.0	0.0	0.0	-1.0	0.1088857427239418	-0.9940542578697205	0.0
0.757810652256012	-2.589529514312744	0.15559732913970947	0.8657594919204712	0.8417431712150574	0.5025102403860637	15	0.4974897596139362	14	0.0	0	0.9940542578697205	-0.10888578742742538	0.0	0.0	0.0	1.0	-0.10888578742742538	-0.9940542578697205	0.0
0.609040379524231	-3.947702407836914	-0.08068042993545532	0.8388329148292542	0.997308075428009	1.0	15	0.0	0	0.0	0	0.9940542578697205	-0.10888578742742538	0.0	0.0	0.0	1.0	-0.10888578742742538	-0.9940542578697205	0.0
0.757810652256012	-2.589529514312744	-0.15559732913970947	0.8302952647209167	0.8417431712150574	0.5024220615774544	15	0.49757793842254566	14	0.0	0	0.9940542578697205	-0.10888578742742538	0.0	0.0	0.0	1.0	-0.10888578742742538	-0.9940542578697205	0.0
-0.9049956798553467	2.119931697845459	-0.22724992036819458	0.20718203485012054	0.709626317024231	0.7629868595429415	5	0.21467738351359092	1	0.02233575694346754	6	0.0	1.0	0.0	0.0	0.0	1.0	1.0	0.0	0.0
0.9000983834266663	2.119931697845459	0.22724992036819458	0.2589775323867798	0.915337085723877	0.7636722297371041	5	0.21497684171927542	6	0.021350928543620494	1	0.0	1.0	0.0	0.0	0.0	1.0	1.0	0.0	0.0
0.9000983834266663	2.119931697845459	-0.22724992036819458	0.20718203485012054	0.915337085723877	0.7798443448291547	5	0.20372018694012253	6	0.016435468230722814	1	0.0	1.0	0.0	0.0	0.0	1.0	1.0	0.0	0.0
